-0.43	0.25	0.86
-0.42	0.26	0.87
-0.42	0.26	0.87
-0.41	0.24	0.84
-0.40	0.22	0.85
-0.41	0.23	0.84
-0.41	0.24	0.86
-0.42	0.25	0.87
-0.43	0.26	0.86
-0.43	0.25	0.85
-0.43	0.27	0.86
-0.43	0.27	0.88
-0.44	0.27	0.88
-0.42	0.25	0.87
-0.40	0.24	0.86
-0.40	0.24	0.83
-0.40	0.23	0.84
-0.41	0.24	0.86
-0.41	0.25	0.87
-0.41	0.27	0.87
-0.41	0.27	0.88
-0.43	0.26	0.86
-0.42	0.26	0.87
-0.42	0.28	0.88
-0.42	0.28	0.86
-0.43	0.27	0.88
-0.43	0.26	0.88
-0.43	0.25	0.88
-0.44	0.26	0.87
-0.44	0.27	0.88
-0.44	0.28	0.88
-0.43	0.25	0.86
-0.41	0.22	0.85
-0.42	0.21	0.86
-0.44	0.22	0.89
-0.45	0.24	0.90
-0.45	0.27	0.88
-0.45	0.29	0.88
-0.46	0.28	0.88
-0.47	0.29	0.88
-0.47	0.25	0.87
-0.46	0.26	0.88
-0.44	0.22	0.87
-0.43	0.22	0.85
-0.42	0.22	0.85
-0.42	0.22	0.84
-0.42	0.22	0.85
-0.42	0.23	0.85
-0.41	0.22	0.86
-0.40	0.20	0.83
-0.38	0.20	0.82
-0.38	0.19	0.86
-0.40	0.19	0.86
-0.42	0.22	0.87
-0.45	0.24	0.86
-0.44	0.24	0.84
-0.43	0.24	0.84
-0.43	0.24	0.84
-0.44	0.24	0.86
-0.45	0.26	0.86
-0.44	0.25	0.84
-0.44	0.26	0.83
-0.44	0.26	0.83
-0.45	0.25	0.85
-0.44	0.24	0.88
-0.45	0.25	0.87
-0.46	0.26	0.86
-0.47	0.28	0.84
-0.47	0.29	0.84
-0.46	0.28	0.82
-0.45	0.26	0.81
-0.45	0.27	0.83
-0.44	0.27	0.84
-0.43	0.28	0.82
-0.41	0.27	0.80
-0.34	0.26	0.76
-0.24	0.19	0.61
-0.12	0.03	0.50
-0.05	-0.07	0.43
0.07	-0.19	0.15
-0.10	-0.02	0.80
-0.19	0.04	0.66
-0.32	0.13	0.72
-0.43	0.30	0.85
-0.46	0.37	0.94
-0.61	0.46	0.94
-0.75	0.48	1.18
-0.89	0.54	1.54
-1.03	0.64	1.72
-1.13	0.65	1.79
-1.13	0.64	1.83
-1.04	0.65	1.70
-0.86	0.57	1.25
-0.52	0.28	0.89
-0.04	-0.26	0.21
0.40	-0.64	0.09
0.64	-0.97	0.07
0.62	-1.06	-0.03
0.30	-0.73	0.44
-0.11	-0.27	1.02
-0.48	0.16	1.47
-0.78	0.79	1.62
-1.00	1.23	1.56
-1.18	1.45	1.35
-1.13	1.52	1.00
-1.03	1.24	0.82
-0.91	0.95	0.89
-0.61	0.59	1.33
0.11	-0.30	0.20
0.64	-1.02	-0.02
0.76	-1.34	0.06
0.36	-1.01	0.23
-0.02	-0.55	1.10
-0.32	0.02	0.92
-0.79	0.77	1.69
-1.11	1.48	2.04
-1.29	1.68	1.58
-1.21	1.72	1.06
-1.02	1.42	0.82
-0.90	1.08	0.83
-0.59	0.55	0.10
0.10	-0.32	0.35
0.65	-1.01	0.04
0.81	-1.23	0.15
0.49	-0.79	0.06
********
-1.31	1.68	1.49
-1.08	1.39	0.90
-0.89	1.05	0.68
-0.81	0.62	0.72
-0.64	0.43	1.29
0.07	-0.37	0.37
0.58	-0.87	0.08
0.66	-0.90	0.16
0.38	-0.76	0.34
0.14	-0.45	0.45
-0.17	-0.18	0.67
-0.62	0.42	1.07
-0.94	1.21	2.03
-1.13	1.74	2.17
-1.20	1.59	1.36
-0.98	1.36	0.91
-0.87	1.23	0.72
-0.77	0.78	0.95
-0.40	0.24	0.30
0.18	-0.42	0.31
0.59	-0.96	-0.06
0.67	-0.96	-0.04
0.27	-0.88	0.43
-0.00	-0.45	0.43
-0.12	-0.21	0.66
-0.57	0.37	1.11
-0.98	1.07	2.42
-1.16	1.52	2.50
-1.15	1.48	1.44
-0.88	1.04	0.87
-0.72	0.74	0.75
-0.64	0.28	0.76
-0.24	-0.01	0.43
0.31	-0.71	0.24
0.64	-1.23	-0.08
0.53	-0.87	0.03
0.16	-0.60	0.12
-0.05	-0.29	0.73
-0.19	-0.05	0.41
-0.63	0.46	0.99
-0.99	1.08	2.51
-1.20	1.48	2.94
-1.25	1.44	1.91
-1.02	1.17	1.24
-0.88	0.88	0.83
-0.75	0.59	0.79
-0.34	-0.13	0.51
0.28	-0.77	0.15
0.58	-1.00	-0.25
0.71	-1.21	-0.29
0.36	-0.82	0.13
0.09	-0.72	0.75
-0.09	-0.31	0.39
-0.56	0.30	0.95
-0.96	0.91	2.81
-1.24	1.39	3.19
-1.33	1.55	1.96
-1.09	1.24	1.29
-0.97	0.99	0.96
-0.80	0.39	0.93
-0.51	-0.04	0.41
0.09	-0.78	0.30
0.62	-1.04	-0.04
0.73	-0.82	-0.28
0.47	-0.71	-0.07
0.14	-0.63	0.04
-0.07	-0.31	0.76
-0.49	0.18	0.99
-0.90	0.79	2.23
-1.14	1.34	2.92
-1.22	1.49	1.93
-0.97	1.04	1.07
-0.76	0.75	0.77
-0.57	0.41	0.59
-0.38	0.05	0.56
0.17	-0.52	0.29
0.60	-1.03	0.23
0.72	-0.95	-0.08
0.38	-0.75	0.17
0.14	-0.49	0.19
-0.14	-0.28	0.66
-0.60	0.13	0.99
-0.92	0.93	2.30
-1.15	1.58	2.88
-1.25	1.58	1.88
-1.02	1.11	1.24
-0.86	0.86	0.93
-0.72	0.54	0.78
-0.47	0.12	0.63
0.15	-0.49	0.27
0.60	-1.00	0.25
0.80	-0.99	-0.14
0.54	-0.78	0.11
0.22	-0.58	0.42
-0.00	-0.39	0.73
-0.41	0.14	0.80
-0.96	0.87	2.11
-1.12	1.46	2.86
-1.20	1.57	1.92
-1.04	1.20	1.14
-0.91	0.99	1.02
-0.81	0.68	0.97
-0.57	0.34	0.59
-0.05	-0.37	0.41
0.51	-0.91	0.16
0.74	-0.84	0.11
0.53	-0.78	0.13
0.10	-0.51	0.70
-0.08	-0.41	1.05
-0.21	-0.04	0.72
-0.71	0.49	1.34
-1.02	1.18	2.45
-1.24	1.54	2.40
-1.16	1.39	1.55
-1.02	1.14	1.10
-0.90	0.77	1.33
-0.70	0.39	0.70
-0.21	-0.22	0.45
0.51	-0.94	0.36
0.73	-0.98	-0.11
0.79	-1.01	-0.26
0.33	-0.64	0.12
0.15	-0.66	0.09
0.00	-0.27	0.71
-0.55	0.31	1.07
********
-0.75	0.67	1.17
-0.48	0.07	0.44
0.02	-0.42	0.29
0.47	-0.94	0.43
0.67	-0.84	0.14
0.49	-0.68	0.08
0.18	-0.50	0.65
-0.02	-0.42	1.14
-0.22	-0.07	0.78
-0.70	0.49	1.45
-0.96	1.14	2.28
-1.07	1.40	2.01
-0.96	1.27	1.25
-0.82	1.01	0.96
-0.71	0.78	0.89
-0.64	0.46	1.22
-0.41	0.06	0.84
0.14	-0.52	0.40
0.45	-0.65	0.10
0.67	-0.86	0.12
0.41	-0.73	0.30
0.16	-0.51	0.83
-0.14	-0.21	0.75
-0.67	0.30	1.43
-0.96	0.91	2.37
-1.07	1.40	2.25
-1.07	1.55	1.41
-0.84	1.09	1.03
-0.75	0.79	0.92
-0.70	0.60	1.13
-0.45	0.14	0.60
0.08	-0.48	0.41
0.50	-0.83	0.07
0.73	-0.84	0.07
0.43	-0.69	0.19
0.13	-0.44	0.23
-0.02	-0.26	0.69
-0.24	0.09	0.64
-0.76	0.64	1.63
-0.98	1.18	2.47
-1.10	1.42	1.97
-1.02	1.43	1.39
-0.90	1.07	1.13
-0.83	0.86	1.01
-0.72	0.43	1.25
-0.23	-0.07	0.42
0.32	-0.70	0.23
0.61	-0.83	-0.05
0.58	-0.84	0.16
0.19	-0.51	0.63
0.01	-0.43	1.24
-0.07	-0.18	0.69
-0.50	0.31	0.97
-0.84	0.98	2.05
-1.03	1.42	2.26
-1.06	1.54	1.55
-0.87	1.07	1.15
-0.78	0.89	0.95
-0.71	0.51	1.25
-0.48	0.08	0.63
0.10	-0.54	0.43
0.43	-0.72	0.23
0.62	-0.73	0.19
0.41	-0.63	0.27
0.08	-0.37	0.80
-0.13	-0.24	1.21
-0.38	0.19	1.07
-0.78	0.81	1.66
-1.00	1.36	2.00
-1.10	1.46	1.65
-0.98	1.33	1.27
-0.87	0.95	1.33
-0.69	0.64	0.62
-0.40	0.25	0.59
0.13	-0.45	0.66
0.57	-0.75	0.22
0.79	-0.89	0.03
0.58	-0.74	-0.14
0.20	-0.33	0.57
0.04	-0.43	0.25
-0.27	-0.22	0.87
-0.80	0.57	1.68
-1.07	1.26	2.39
-1.15	1.52	2.00
-1.02	1.36	1.36
-0.84	1.03	1.06
-0.75	0.68	1.18
-0.62	0.47	0.90
-0.32	0.01	0.70
0.20	-0.49	0.50
0.61	-0.72	0.16
0.81	-0.89	-0.24
0.46	-0.69	0.27
0.22	-0.51	0.22
-0.12	-0.41	0.67
-0.65	0.15	1.24
-0.95	1.06	2.33
-1.01	1.52	2.23
-1.06	1.63	1.39
-0.92	1.26	1.24
-0.83	1.05	1.20
-0.76	0.69	1.16
-0.46	0.23	0.62
0.01	-0.44	0.45
0.39	-0.66	0.08
0.65	-0.76	0.12
0.57	-0.81	0.18
0.24	-0.59	0.58
0.04	-0.49	0.83
-0.19	-0.12	0.64
-0.68	0.51	1.40
-0.93	1.23	2.36
-1.10	1.56	2.13
-1.08	1.42	1.40
-0.92	1.12	1.22
-0.81	0.79	0.99
-0.69	0.64	1.10
-0.26	-0.04	0.46
0.38	-0.77	0.23
0.70	-0.87	-0.02
0.76	-1.00	-0.12
0.33	-0.81	0.31
0.05	-0.65	1.02
0.02	-0.23	0.40
-0.39	0.29	0.71
********
-0.69	0.33	1.07
-0.18	-0.22	0.14
0.27	-0.46	0.20
0.52	-0.67	-0.08
0.53	-0.69	0.10
0.21	-0.51	0.30
0.06	-0.32	0.99
-0.24	-0.07	0.91
-0.59	0.35	1.42
-0.77	0.93	2.06
-0.90	1.13	1.61
-0.75	0.94	1.12
-0.66	0.79	0.90
-0.63	0.67	0.86
-0.58	0.35	1.01
-0.28	0.03	0.87
0.17	-0.40	0.44
0.53	-0.54	0.06
0.56	-0.74	0.03
0.28	-0.55	0.16
0.08	-0.43	0.72
-0.11	-0.17	0.48
-0.59	0.33	1.30
-0.83	0.91	2.36
-1.03	1.26	2.24
-1.09	1.39	1.70
-1.00	1.12	1.40
-0.93	0.99	1.16
-0.83	0.81	1.17
-0.63	0.47	0.92
-0.26	-0.11	0.60
0.34	-0.65	0.14
0.68	-0.75	-0.13
0.85	-0.94	-0.37
0.49	-0.70	0.26
0.34	-0.61	-0.21
0.12	-0.39	0.37
-0.25	0.11	0.62
-0.71	0.55	1.77
-0.99	1.00	2.55
-1.13	1.30	2.27
-1.14	1.49	1.65
-1.04	1.13	1.34
-0.93	0.90	1.18
-0.79	0.63	1.08
-0.43	-0.01	0.43
-0.03	-0.41	0.44
0.37	-0.61	0.10
0.55	-0.88	-0.02
0.49	-0.74	0.28
0.27	-0.69	0.38
0.11	-0.43	0.77
-0.15	-0.10	0.76
-0.54	0.37	1.35
-0.73	0.86	1.88
-0.85	1.16	1.72
-0.91	1.22	1.44
-0.81	0.95	1.15
-0.74	0.77	0.97
-0.65	0.58	1.07
-0.53	0.23	1.30
-0.07	-0.26	0.39
0.28	-0.49	0.21
0.47	-0.74	0.14
0.32	-0.61	0.39
0.06	-0.44	0.87
-0.05	-0.22	0.85
-0.33	0.07	0.91
-0.58	0.45	1.56
-0.74	0.86	1.99
-0.88	1.03	1.70
-0.85	0.96	1.44
-0.74	0.68	1.22
-0.62	0.49	0.98
-0.44	0.14	0.93
-0.11	-0.18	0.50
0.28	-0.51	0.23
0.63	-0.85	-0.08
0.53	-0.82	-0.13
0.19	-0.63	0.72
0.05	-0.32	0.63
-0.20	0.04	0.63
-0.66	0.37	1.66
-0.84	0.87	2.42
-1.05	1.23	2.19
-1.19	1.43	1.85
-1.15	1.25	1.49
-0.97	1.13	1.27
-0.79	0.62	1.33
-0.31	-0.06	0.22
0.28	-0.67	0.00
0.62	-0.65	-0.14
0.79	-0.91	-0.12
0.52	-0.78	0.10
0.22	-0.72	0.78
0.01	-0.36	0.54
-0.33	0.13	0.86
-0.71	0.64	1.76
-0.87	1.10	2.22
-1.02	1.34	1.78
-0.94	1.19	1.35
-0.86	0.99	1.16
-0.79	0.83	1.17
-0.67	0.51	1.10
-0.38	0.02	1.29
0.10	-0.52	0.29
0.42	-0.68	-0.05
0.56	-0.72	0.06
0.31	-0.57	0.11
0.10	-0.31	0.91
-0.08	-0.11	0.71
-0.40	0.25	1.01
-0.64	0.70	1.72
-0.77	1.13	1.89
-0.83	1.24	1.53
-0.78	1.13	1.27
-0.74	0.91	1.06
-0.67	0.68	0.98
-0.47	0.32	0.92
-0.13	-0.15	0.84
0.26	-0.42	0.22
0.48	-0.51	0.06
0.29	-0.41	0.37
0.05	-0.38	1.21
0.00	-0.13	0.83
********
-0.69	0.78	1.03
-0.58	0.68	0.95
-0.42	0.34	0.88
-0.06	0.08	0.53
0.26	-0.21	0.42
0.36	-0.32	0.27
0.30	-0.38	0.23
0.06	-0.14	0.34
-0.09	0.06	1.04
-0.29	0.25	0.92
-0.39	0.41	1.10
-0.47	0.54	1.20
-0.53	0.58	1.17
-0.52	0.46	1.01
-0.48	0.49	0.90
-0.50	0.65	0.84
-0.55	0.77	0.80
-0.55	0.64	1.05
-0.51	0.49	1.16
-0.41	0.30	1.09
-0.23	0.09	0.90
-0.01	-0.13	0.69
0.17	-0.17	0.58
0.13	0.03	0.45
0.00	0.07	0.63
-0.19	-0.34	1.13
-0.42	-0.04	1.14
-0.42	0.07	1.04
-0.38	0.20	0.96
-0.35	0.20	0.89
-0.35	0.13	0.85
-0.32	-0.03	0.83
-0.30	-0.05	0.93
-0.37	0.01	1.12
-0.49	0.23	1.21
-0.55	0.43	1.55
-0.58	0.62	1.52
-0.44	0.83	0.89
-0.20	0.89	0.75
-0.12	0.50	0.75
-0.24	0.21	0.70
-0.26	-0.11	1.10
-0.22	-0.30	1.17
-0.15	-0.37	0.95
-0.09	-0.14	0.61
-0.08	0.24	0.45
-0.16	0.36	0.54
-0.25	0.45	0.84
-0.40	0.54	0.92
-0.56	0.77	0.98
-0.65	0.92	1.19
-0.70	1.08	1.25
-0.67	1.42	1.17
-0.47	1.30	0.89
-0.23	0.48	0.69
-0.19	-0.05	0.76
-0.15	-0.46	0.84
-0.10	-0.56	0.75
-0.07	-0.29	0.90
-0.12	0.09	0.72
-0.13	0.16	0.85
-0.28	0.47	0.78
-0.37	0.46	0.83
-0.41	0.39	0.84
-0.49	0.45	0.94
-0.58	0.53	1.08
-0.65	0.77	1.28
-0.71	0.83	1.43
-0.67	0.98	1.06
-0.47	1.16	1.00
-0.19	0.79	0.70
-0.14	0.38	0.63
-0.18	-0.47	0.82
-0.22	-0.68	0.94
-0.22	-0.87	1.05
-0.18	-0.51	1.28
-0.09	-0.42	0.72
-0.05	-0.22	0.83
-0.14	0.30	0.48
-0.25	0.51	0.66
-0.35	0.62	0.77
-0.48	0.97	0.96
-0.56	1.11	0.97
-0.60	0.90	1.16
-0.68	0.74	1.49
-0.69	0.71	1.12
-0.53	0.65	1.14
-0.28	0.46	0.90
-0.12	-0.02	0.74
-0.08	-0.80	0.75
-0.06	-0.48	0.71
-0.02	-0.28	0.55
-0.03	-0.07	0.67
-0.12	0.01	0.81
-0.21	0.10	0.56
-0.25	0.08	0.21
-0.28	-0.19	0.90
-0.21	-0.36	1.01
-0.33	0.19	0.93
-0.49	0.54	1.17
-0.65	0.73	1.49
-0.74	0.64	1.86
-0.79	0.62	1.53
-0.67	0.78	1.04
-0.41	0.87	1.01
-0.25	0.40	0.86
-0.23	-0.03	0.80
-0.20	-0.54	0.64
-0.17	-0.75	0.77
-0.07	-0.84	0.65
0.02	-0.57	0.61
0.06	-0.37	0.66
-0.01	0.06	0.45
-0.15	0.28	0.17
-0.32	0.34	0.90
-0.36	0.39	1.26
-0.51	0.85	1.23
-0.60	1.22	1.28
-0.68	1.05	1.37
-0.75	0.97	1.41
-0.63	0.96	0.96
-0.38	0.69	0.85
-0.14	-0.03	0.80
-0.06	-0.65	0.64
0.01	-0.86	0.65
********
-0.36	0.72	1.06
-0.46	0.97	0.53
-0.48	1.02	1.01
-0.54	1.14	1.02
-0.56	1.38	1.04
-0.62	1.30	1.03
-0.66	1.02	1.17
-0.56	0.76	0.69
-0.40	0.57	0.94
-0.09	-0.31	0.66
-0.05	-0.70	0.71
-0.02	-0.89	0.78
-0.01	-0.85	0.77
-0.00	-0.49	0.84
0.03	-0.16	0.72
-0.04	-0.00	0.61
-0.13	0.02	0.79
-0.29	0.62	0.43
-0.39	1.13	0.25
-0.42	1.10	0.87
-0.51	1.16	1.05
-0.57	1.15	0.98
-0.66	1.20	1.07
-0.69	0.90	1.32
-0.71	0.69	1.21
-0.62	0.70	1.24
-0.38	0.75	1.11
-0.09	0.20	0.76
0.14	-0.90	0.26
0.04	-0.72	0.61
0.02	-0.79	0.84
-0.01	-0.72	0.74
-0.04	-0.60	0.73
-0.03	-0.63	0.78
-0.10	-0.01	0.43
-0.09	0.64	-0.17
-0.19	1.06	0.60
-0.31	0.95	0.93
-0.40	0.92	1.10
-0.50	1.41	1.04
-0.58	1.53	1.21
-0.68	1.29	1.44
-0.73	0.84	1.35
-0.63	0.49	0.99
-0.47	0.38	0.88
-0.32	0.33	0.84
-0.13	0.13	0.96
0.02	-0.62	0.35
0.10	-0.64	0.51
0.09	-0.88	0.64
0.12	-0.87	0.55
0.16	-0.72	0.49
0.16	-0.56	0.53
0.06	-0.19	0.54
-0.18	0.69	0.30
-0.34	1.35	0.26
-0.45	1.50	0.90
-0.43	1.13	1.15
-0.49	1.15	1.07
-0.51	1.21	0.97
-0.56	0.99	1.21
-0.65	0.43	1.58
-0.66	0.25	1.09
-0.60	-0.00	1.03
-0.37	0.26	0.95
-0.08	0.37	0.71
0.04	0.58	0.56
0.02	0.05	0.65
-0.02	-0.66	0.58
-0.08	-1.36	0.77
-0.07	-1.30	0.91
-0.04	-0.89	0.88
-0.07	-0.02	0.49
-0.12	1.05	-0.05
-0.29	1.52	0.35
-0.47	1.23	1.67
-0.60	1.25	1.18
-0.66	1.30	0.96
-0.64	1.09	1.19
-0.61	0.70	1.58
-0.58	0.40	1.26
-0.51	0.17	1.10
-0.41	0.20	0.92
-0.18	0.26	0.83
-0.00	0.20	0.89
-0.04	-0.21	0.46
-0.05	-0.38	0.54
0.02	-1.02	0.71
0.02	-1.15	0.63
0.02	-1.00	0.70
0.02	-0.70	0.82
-0.02	-0.13	0.66
-0.12	0.98	1.63
-0.23	1.63	-0.30
-0.24	1.77	0.68
-0.37	1.35	1.29
-0.50	1.12	1.10
-0.60	0.96	0.97
-0.68	0.90	1.31
-0.71	0.55	1.72
-0.69	0.24	1.29
-0.60	0.25	1.05
-0.37	0.35	0.90
-0.11	0.29	0.76
0.10	-0.05	0.69
0.20	-0.60	0.56
0.11	-0.61	0.52
0.12	-0.96	0.64
0.11	-0.85	0.61
0.09	-0.62	0.58
0.03	-0.19	0.65
-0.12	0.84	1.65
-0.29	1.21	-0.47
-0.47	1.35	1.11
-0.62	1.08	1.06
-0.66	0.99	1.16
-0.67	0.97	1.13
-0.67	0.94	1.23
-0.62	0.82	1.53
-0.57	0.53	1.26
-0.50	0.11	0.88
-0.39	-0.21	0.91
-0.16	-0.54	0.72
0.07	-0.51	0.38
0.38	-0.48	0.28
********
-0.84	0.64	1.59
-0.95	0.84	1.60
-0.99	1.15	1.60
-1.04	1.48	1.39
-0.94	1.35	1.22
-0.82	0.86	1.25
-0.75	0.51	1.16
-0.37	-0.14	0.79
0.18	-0.70	0.33
0.48	-1.22	0.06
0.57	-1.22	0.03
0.30	-1.11	0.26
0.04	-0.73	0.54
-0.43	-0.26	1.11
-0.70	0.29	1.40
-0.86	0.85	1.52
-0.98	1.24	1.43
-1.11	1.38	1.31
-1.02	1.03	1.15
-0.96	1.04	1.29
-0.77	0.57	0.69
-0.55	0.18	0.93
0.04	-0.44	0.55
0.71	-0.92	0.06
1.00	-1.27	-0.23
0.62	-0.73	0.10
0.08	-0.62	0.39
-0.36	-0.61	1.23
-0.82	0.17	1.77
-1.08	0.85	2.12
-1.14	1.31	1.90
-1.13	1.46	1.27
-0.95	0.83	1.07
-0.92	0.98	1.54
-0.82	0.66	0.91
-0.60	0.23	0.95
0.03	-0.54	0.58
0.68	-0.83	0.18
0.92	-0.95	0.01
0.60	-0.77	-0.18
0.02	-0.14	0.68
-0.16	-0.22	0.47
-0.42	0.25	1.35
-0.88	0.59	1.93
-1.10	0.93	1.97
-1.13	1.05	1.53
-0.87	0.84	1.29
-0.65	0.69	0.77
-0.60	0.65	0.72
-0.52	0.43	0.88
-0.15	-0.07	1.06
0.26	-0.37	0.36
0.63	-0.57	0.08
0.58	-0.61	0.03
0.14	-0.25	0.59
-0.01	-0.05	0.42
-0.41	0.07	1.10
-0.82	0.39	1.67
-0.97	0.82	2.03
-1.03	0.93	1.48
-0.84	0.69	1.25
-0.64	0.65	0.80
-0.60	0.65	0.80
-0.55	0.50	0.94
-0.35	0.22	0.87
0.26	-0.25	0.45
0.66	-0.53	0.02
0.62	-0.59	-0.01
0.08	-0.27	0.66
-0.11	-0.03	0.65
-0.22	0.10	0.92
-0.59	0.42	1.19
-0.93	0.80	1.90
-1.00	1.06	1.85
-0.99	1.03	1.36
-0.78	0.77	1.32
-0.66	0.64	0.67
-0.65	0.60	0.79
-0.53	0.42	0.98
-0.11	-0.02	0.94
0.36	-0.41	0.28
0.67	-0.65	0.05
0.66	-0.67	-0.05
0.34	-0.32	0.56
0.20	-0.08	-0.22
-0.09	-0.03	0.31
-0.80	0.43	1.40
-1.14	0.97	2.71
-1.25	1.25	2.33
-1.28	1.18	1.47
-1.01	1.01	1.26
-0.86	0.89	0.89
-0.77	0.86	0.89
-0.49	0.36	0.74
0.13	-0.28	0.43
0.61	-0.60	0.19
0.85	-0.88	0.09
0.63	-0.83	-0.03
0.22	-0.53	0.24
0.11	-0.16	0.78
-0.12	0.09	0.47
-0.66	0.47	1.42
-1.06	0.89	2.41
-1.17	1.11	2.07
-1.14	1.09	1.44
-0.97	0.92	1.54
-0.80	0.69	0.74
-0.70	0.72	0.91
-0.60	0.42	0.95
-0.23	-0.03	0.84
0.33	-0.37	0.36
0.75	-0.61	0.08
0.85	-0.80	-0.28
0.43	-0.49	0.20
-0.09	-0.24	0.33
-0.71	0.23	2.12
-0.93	0.36	2.00
-0.93	1.06	1.83
-0.98	1.08	1.31
-0.88	0.90	1.44
-0.78	0.83	1.04
-0.73	0.70	1.01
-0.65	0.57	1.07
-0.21	0.19	0.82
0.29	-0.17	0.40
********
-0.46	0.37	1.26
-0.71	0.29	1.50
-0.87	0.79	1.83
-1.04	0.92	1.86
-1.20	0.89	1.66
-1.14	0.95	1.58
-0.95	0.95	0.87
-0.93	0.89	1.07
-0.75	0.58	1.07
-0.22	0.05	0.74
0.40	-0.28	0.29
0.82	-0.67	0.06
0.94	-0.85	-0.44
0.62	-0.73	-0.04
0.26	-0.63	0.17
-0.50	-0.08	0.78
-0.82	0.17	2.86
-0.79	0.67	1.75
-0.71	0.88	1.12
-0.76	0.85	1.01
-0.75	0.73	1.10
-0.81	0.89	1.07
-0.79	0.76	1.37
-0.69	0.55	1.31
-0.39	0.25	0.98
0.04	-0.10	0.52
0.40	-0.42	0.16
0.41	-0.53	0.04
0.17	-0.48	0.13
-0.05	-0.16	0.86
-0.48	0.03	1.13
-0.69	0.36	1.71
-0.72	0.66	1.57
-0.68	0.66	1.05
-0.69	0.69	1.09
-0.68	0.73	1.13
-0.70	0.78	0.98
-0.70	0.69	1.19
-0.60	0.51	0.85
-0.54	0.52	0.99
-0.27	0.29	0.80
0.16	-0.07	0.53
0.53	-0.37	0.11
0.58	-0.49	0.01
0.23	-0.46	0.36
-0.07	-0.04	1.16
-0.38	-0.10	1.05
-0.57	0.22	1.29
-0.70	0.68	1.55
-0.83	0.92	1.45
-0.96	0.95	1.31
-0.99	1.03	1.34
-0.95	0.87	1.39
-0.81	0.75	0.86
-0.74	0.70	0.88
-0.48	0.35	1.05
0.02	0.00	0.55
0.44	-0.27	0.37
0.61	-0.50	0.31
0.59	-0.62	-0.09
0.29	-0.41	0.12
0.09	-0.40	0.45
-0.11	0.07	0.43
-0.51	0.68	1.64
-0.78	0.41	1.52
-0.88	0.75	1.57
-0.99	0.77	1.41
-0.94	0.78	1.34
-0.90	0.81	1.45
-0.83	0.74	0.98
-0.74	0.69	1.11
-0.62	0.60	1.16
-0.33	0.30	0.83
0.20	-0.05	0.47
0.55	-0.37	0.20
0.76	-0.51	-0.00
0.52	-0.59	0.20
0.30	-0.40	0.39
-0.12	-0.22	0.42
-0.41	0.36	0.72
-0.56	0.87	1.99
-0.56	0.51	1.16
-0.70	0.72	1.05
-0.90	0.84	1.27
-1.06	1.00	1.50
-1.06	1.11	1.38
-0.96	1.05	1.19
-0.81	0.90	0.90
-0.48	0.58	0.98
0.06	0.09	0.56
0.40	-0.27	0.06
0.58	-0.48	0.26
0.44	-0.48	0.35
0.21	-0.44	0.56
0.15	-0.15	0.57
0.06	0.33	0.63
-0.39	0.30	1.01
-0.72	0.64	1.55
-0.89	0.80	1.64
-1.01	0.94	1.43
-1.02	1.00	1.27
-0.91	1.11	1.11
-0.88	0.93	1.10
-0.82	0.90	0.85
-0.66	0.74	0.96
-0.26	0.32	0.94
0.24	-0.16	0.44
0.54	-0.44	0.10
0.76	-0.60	-0.04
0.42	-0.44	0.41
0.26	-0.59	0.24
0.10	-0.09	0.06
-0.18	-0.06	0.68
-0.63	0.45	1.52
-0.83	0.68	1.82
-0.91	0.87	1.48
-0.97	0.93	1.38
-0.95	1.03	1.37
-0.92	1.07	1.26
-0.86	0.97	1.13
-0.77	0.82	0.99
-0.64	0.63	0.95
-0.27	0.30	0.81
0.15	-0.13	0.44
0.39	-0.39	0.16
********
-0.31	0.21	0.87
-0.57	0.55	0.98
-0.74	0.76	1.28
-0.87	0.91	1.43
-0.89	0.97	1.34
-0.88	1.04	1.36
-0.76	0.93	1.17
-0.70	0.75	1.00
-0.56	0.66	1.08
-0.22	0.29	0.93
0.16	-0.14	0.39
0.40	-0.44	0.24
0.64	-0.58	0.19
0.61	-0.57	0.09
0.37	-0.61	0.36
0.12	-0.24	0.30
-0.16	0.43	1.23
-0.44	0.28	1.07
-0.77	0.71	1.52
-0.99	0.94	1.76
-1.08	1.05	1.66
-1.07	1.12	1.52
-1.00	1.17	1.31
-0.91	0.93	1.50
-0.78	0.71	0.82
-0.62	0.62	0.97
-0.19	0.25	0.86
0.28	-0.26	0.49
0.56	-0.60	0.11
0.69	-0.64	0.09
0.52	-0.57	-0.02
0.30	-0.34	0.51
0.16	-0.29	-0.25
-0.17	0.08	0.72
-0.55	0.44	1.30
-0.82	0.73	1.85
-0.96	0.85	1.91
-1.07	0.91	1.65
-1.03	0.92	1.45
-0.96	0.97	1.29
-0.96	1.00	1.40
-0.81	0.75	0.91
-0.66	0.61	1.02
-0.25	0.17	0.85
0.31	-0.38	0.38
0.55	-0.61	-0.00
0.63	-0.67	0.06
0.45	-0.44	0.49
0.19	-0.43	0.49
0.10	-0.12	-0.02
-0.13	0.25	0.79
-0.44	0.47	1.09
-0.70	0.69	1.38
-0.80	0.73	1.35
-0.95	0.84	1.28
-0.99	0.94	1.46
-0.95	1.03	1.31
-0.85	0.97	1.14
-0.80	0.92	1.32
-0.59	0.61	0.99
-0.36	0.37	0.82
-0.05	0.03	0.62
0.15	-0.24	0.41
0.28	-0.37	0.38
0.24	-0.44	0.41
0.15	-0.30	0.54
0.11	-0.12	0.43
0.03	0.09	0.96
-0.15	0.19	0.65
-0.41	0.35	0.89
-0.67	0.58	1.28
-0.84	0.78	1.47
-0.96	0.89	1.50
-1.02	0.99	1.56
-0.99	0.98	1.42
-0.88	0.95	1.57
-0.69	0.64	0.80
-0.60	0.58	0.95
-0.38	0.40	0.89
-0.08	0.06	0.70
0.25	-0.28	0.42
0.50	-0.51	0.20
0.62	-0.62	-0.18
0.49	-0.57	-0.10
0.28	-0.30	0.40
0.06	-0.02	0.74
-0.03	0.11	0.43
-0.32	0.38	0.71
-0.83	0.62	1.52
-1.17	0.73	2.24
-1.30	0.93	2.29
-1.31	1.00	1.85
-1.21	1.08	1.64
-1.13	1.13	1.50
-0.88	0.68	0.74
-0.82	0.64	0.97
-0.51	0.29	0.84
0.04	-0.20	0.49
0.55	-0.59	0.05
0.77	-0.79	-0.04
0.83	-0.79	-0.29
0.60	-0.65	-0.02
0.34	-0.44	0.10
0.08	-0.28	0.67
-0.39	0.27	0.88
-0.76	0.59	1.62
-1.00	0.96	1.81
-1.13	0.98	1.61
-1.17	0.96	1.62
-1.12	1.01	1.44
-1.04	1.06	1.36
-0.87	0.81	0.82
-0.80	0.68	1.03
-0.49	0.41	0.92
0.04	-0.12	0.58
0.44	-0.52	0.09
0.63	-0.71	0.10
0.56	-0.62	-0.08
0.29	-0.29	0.24
0.07	-0.11	0.58
-0.23	0.17	0.50
-0.54	0.47	1.32
-0.63	0.56	1.34
-0.77	0.76	1.15
-0.88	0.82	1.14
********
-0.04	0.06	0.78
0.42	-0.44	0.23
0.70	-0.77	0.03
0.65	-0.82	-0.17
0.33	-0.52	0.17
0.14	-0.08	-0.02
-0.14	-0.01	0.82
-0.59	0.51	1.18
-0.88	0.73	1.73
-1.20	0.99	1.90
-1.52	1.15	2.03
-1.68	1.36	1.93
-1.58	1.43	1.61
-1.31	1.35	1.21
-0.94	0.98	1.04
-0.57	0.56	0.97
-0.18	0.15	0.88
0.53	-0.43	0.62
1.07	-0.83	0.09
1.36	-0.86	-0.58
1.24	-0.76	-0.84
0.79	-0.45	-0.52
0.01	0.02	0.08
-0.59	0.40	1.23
-0.75	0.71	1.40
-0.60	0.77	1.04
-0.60	0.84	0.91
-0.77	0.95	1.25
-0.94	1.11	1.57
-0.91	1.15	1.49
-0.76	0.95	0.93
-0.45	0.77	0.95
0.02	0.14	0.68
0.49	-0.24	0.29
0.84	-0.73	-0.27
0.91	-0.95	-0.29
0.67	-0.80	-0.03
0.26	-0.38	0.36
-0.65	0.10	1.07
-1.30	1.06	2.56
-1.44	1.64	3.26
-1.57	1.70	0.92
-1.31	0.79	1.43
-1.03	0.62	1.22
-0.77	0.52	1.10
-0.51	0.41	1.06
-0.28	0.33	1.13
0.05	0.16	0.93
0.35	0.02	0.50
0.53	-0.09	0.05
0.51	-0.17	-0.09
0.39	-0.18	0.36
0.15	-0.04	0.40
-0.11	0.08	0.50
-0.58	0.40	1.21
-0.81	0.64	1.54
-0.73	0.66	1.31
-0.66	0.60	1.06
-0.63	0.57	1.04
-0.61	0.53	1.12
-0.59	0.44	1.08
-0.51	0.40	1.15
-0.35	0.32	1.07
-0.21	0.17	0.91
-0.02	0.03	0.84
0.10	-0.14	0.72
0.15	-0.29	0.60
0.15	-0.22	0.44
0.22	-0.05	0.39
0.02	0.08	0.70
-0.21	0.27	0.92
-0.39	0.01	1.10
-0.43	-0.39	1.35
-0.35	-0.18	1.15
-0.27	0.38	0.61
-0.27	1.04	0.31
-0.32	1.19	0.40
-0.36	1.21	0.58
-0.47	1.08	0.64
-0.63	0.88	1.03
-0.75	0.92	1.17
-0.72	0.88	1.27
-0.68	0.73	1.14
-0.57	0.42	1.09
-0.33	0.52	0.89
0.01	0.61	0.65
0.19	0.10	0.45
0.09	-0.39	0.68
0.08	-0.75	0.50
0.16	-0.72	0.48
0.20	-0.35	0.51
0.14	0.01	0.46
-0.11	0.51	0.38
-0.39	1.04	0.77
-0.62	1.12	1.05
-0.71	1.02	1.05
-0.63	0.81	1.09
-0.50	0.57	1.09
-0.40	0.30	1.09
-0.33	0.03	1.03
-0.32	-0.16	1.11
-0.31	-0.09	1.03
-0.31	0.02	0.90
-0.29	0.18	0.73
-0.25	0.30	0.84
-0.14	0.32	0.73
-0.13	0.39	0.86
-0.15	0.38	0.80
-0.19	0.25	0.72
-0.20	0.02	0.93
-0.27	0.16	0.96
-0.26	0.13	1.10
-0.31	0.32	1.17
-0.44	0.53	0.99
-0.52	0.59	0.96
-0.57	0.63	0.93
-0.58	0.72	0.88
-0.53	0.95	0.88
-0.52	1.02	0.83
-0.53	0.95	0.67
-0.50	0.80	0.62
-0.45	0.70	0.61
-0.33	0.40	0.70
-0.16	0.03	0.82
0.01	-0.15	0.88
********
-0.55	-0.04	1.23
-0.50	-0.05	1.22
-0.51	-0.07	1.28
-0.59	0.07	1.31
-0.68	0.47	1.22
-0.62	0.74	0.92
-0.43	0.67	0.76
-0.22	0.43	0.77
-0.02	-0.35	-0.89
-0.11	0.41	1.00
-0.27	0.29	1.20
-0.32	0.29	0.48
-0.36	0.05	0.60
-0.34	0.11	0.91
-0.32	0.25	1.04
-0.34	0.26	1.04
-0.54	0.76	0.92
-0.41	0.33	0.74
-0.43	0.19	0.76
-0.42	0.20	1.04
-0.39	0.11	1.15
0.04	0.11	1.08
-0.04	1.24	1.28
-0.15	1.00	2.18
-0.13	0.51	2.34
0.09	0.57	0.23
0.18	0.31	-0.70
0.14	-0.55	-1.00
-0.33	-0.84	-1.02
-0.55	-0.83	-0.55
-0.62	-0.64	0.54
-0.73	-0.22	1.37
-0.65	0.43	1.73
-0.56	1.07	2.22
-0.47	1.68	2.84
-0.20	1.74	2.58
-0.18	0.79	1.29
-0.04	-0.94	0.09
-0.45	-1.99	-0.80
-0.55	-2.31	-0.99
-0.46	-1.07	-0.35
-0.46	-0.14	0.81
-0.34	0.86	1.30
-0.13	1.68	1.55
-0.06	1.97	2.15
-0.12	1.58	2.45
-0.21	1.42	2.23
-0.23	1.29	2.19
-0.16	0.47	1.67
-0.10	-0.78	-0.01
-0.33	-2.46	-0.93
-0.34	-2.04	-1.09
-0.36	-0.48	-0.78
-0.47	0.31	1.48
-0.26	0.80	1.78
-0.17	1.19	1.40
-0.16	1.43	1.80
-0.15	1.36	2.36
-0.11	1.29	2.18
-0.13	0.99	1.72
-0.09	0.39	1.10
0.05	-0.96	-0.20
-0.30	-1.96	-0.95
-0.37	-1.81	-1.21
-0.43	-0.85	-0.72
-0.47	-0.03	1.07
-0.21	0.57	1.46
-0.17	1.03	1.34
-0.14	1.32	1.85
-0.11	1.26	2.40
-0.14	1.11	2.50
-0.09	1.15	2.24
-0.15	0.83	1.94
0.10	-0.17	1.05
-0.13	-1.60	-0.70
-0.51	-2.49	-1.43
-0.46	-1.36	-0.70
-0.41	0.06	0.46
-0.19	0.63	1.53
0.03	0.87	0.97
0.07	1.10	1.00
0.08	1.33	1.88
0.07	1.43	2.42
0.10	1.50	2.42
0.05	1.30	2.23
0.04	0.53	1.71
0.05	-0.96	0.28
-0.34	-2.16	-0.80
-0.43	-2.18	-1.22
-0.41	-0.49	-0.60
-0.23	0.13	0.94
0.03	0.75	1.17
0.00	0.74	0.83
-0.03	1.20	1.59
0.10	1.56	2.50
0.19	1.64	2.63
0.21	1.59	2.43
0.15	1.21	2.18
0.16	0.13	1.53
-0.05	-1.10	0.15
-0.37	-2.37	-0.72
-0.43	-1.63	-0.98
-0.36	-0.30	-0.28
-0.31	0.40	1.08
0.03	0.64	0.59
0.05	0.62	0.34
-0.04	1.04	1.41
-0.02	1.43	2.50
-0.00	1.53	2.62
-0.01	1.27	2.27
-0.14	0.73	2.12
-0.01	0.12	1.70
-0.08	-1.03	0.26
-0.33	-2.13	-0.59
-0.38	-1.75	-0.93
-0.18	-0.42	-0.61
-0.16	0.67	0.88
0.09	0.83	0.70
0.07	0.61	0.53
0.04	1.20	1.43
0.02	1.53	2.37
0.04	1.64	2.51
0.05	1.38	2.19
-0.12	0.76	2.04
-0.02	-0.03	1.54
********
0.05	0.70	0.51
-0.03	1.11	1.39
-0.04	1.53	2.40
0.01	1.71	2.61
0.10	1.54	2.33
-0.03	0.94	2.11
0.08	0.41	1.70
-0.01	-1.02	0.31
-0.29	-2.22	-0.73
-0.37	-2.13	-1.28
-0.21	-0.32	-0.54
-0.11	0.47	0.37
0.11	0.66	0.87
0.02	0.40	0.44
-0.12	0.81	1.04
-0.09	1.61	2.34
0.09	1.85	2.92
0.22	1.95	2.84
0.16	1.46	2.53
0.16	0.87	2.14
0.35	-0.31	1.20
-0.08	-1.41	-0.24
-0.32	-2.61	-1.34
-0.19	-1.73	-1.50
-0.22	-0.16	-0.43
-0.05	0.39	0.51
0.14	0.59	0.72
-0.09	0.60	0.60
-0.19	1.19	1.65
-0.09	1.71	2.83
0.15	1.98	3.09
0.33	2.05	2.77
0.26	1.16	2.36
0.38	0.29	1.66
0.24	-0.98	0.22
-0.23	-2.29	-0.67
-0.41	-2.29	-1.17
-0.30	-0.41	-0.52
-0.19	0.34	0.60
-0.03	0.70	0.90
-0.03	0.50	0.42
-0.11	0.80	1.02
-0.06	1.47	2.19
0.08	1.73	2.61
0.24	1.79	2.28
0.17	1.33	1.98
0.26	0.63	1.65
0.29	-0.81	0.58
-0.14	-2.03	-0.67
-0.44	-2.25	-0.94
-0.26	-0.80	-0.43
-0.20	0.12	0.41
-0.00	0.54	0.64
0.19	0.56	0.21
-0.04	0.58	0.69
-0.08	1.31	1.93
0.05	1.66	2.64
0.22	1.90	2.72
0.37	1.87	2.60
0.33	1.26	2.38
0.42	0.62	1.81
0.44	-0.90	0.58
-0.10	-2.24	-0.74
-0.39	-2.37	-1.03
-0.22	-0.63	-0.63
-0.10	0.28	0.27
-0.05	0.74	0.79
-0.03	0.52	0.35
-0.10	0.61	0.75
-0.03	1.32	1.84
0.08	1.59	2.40
0.21	1.73	2.26
0.22	1.44	1.94
0.22	0.79	1.67
0.30	-0.47	0.84
-0.14	-1.56	-0.24
-0.48	-2.23	-0.56
-0.34	-0.89	-0.24
-0.24	0.16	0.72
-0.11	0.79	1.09
0.02	0.69	0.57
-0.04	0.68	0.88
0.03	1.35	1.83
0.15	1.64	2.29
0.20	1.85	2.24
0.28	1.76	2.11
0.24	1.35	2.07
0.34	0.60	1.58
0.30	-1.01	0.15
-0.28	-2.26	-0.53
-0.39	-2.16	-0.96
-0.20	-0.55	-0.66
-0.17	0.21	0.42
-0.00	0.63	0.51
0.11	0.46	0.15
-0.09	0.53	0.76
-0.10	1.37	2.00
0.06	1.80	2.72
0.23	2.13	2.51
0.28	1.78	2.14
0.26	1.30	2.02
0.33	0.89	1.64
0.36	-0.73	0.68
-0.12	-2.00	-0.63
-0.40	-2.66	-1.17
-0.19	-1.46	-0.86
-0.20	-0.19	-0.22
-0.02	0.56	0.70
0.19	0.72	0.42
-0.01	0.59	0.30
-0.06	1.25	1.35
0.00	1.88	2.61
0.23	2.47	3.15
0.52	2.69	2.97
0.52	1.78	2.38
0.49	0.87	1.74
0.49	-0.33	0.83
0.09	-1.25	-0.19
-0.30	-2.64	-0.81
-0.30	-2.33	-1.07
-0.32	-0.58	-0.38
-0.14	0.33	0.32
0.08	0.92	0.61
-0.05	0.61	-0.11
-0.23	0.54	0.71
********
0.34	0.26	1.19
-0.08	-0.61	0.23
-0.40	-1.94	-0.23
-0.43	-1.55	-0.49
-0.29	-0.16	-0.13
-0.25	0.51	0.69
-0.17	0.79	0.80
-0.13	0.72	0.76
-0.08	1.10	1.26
0.03	1.53	1.84
0.17	1.85	2.04
0.28	1.87	1.86
0.19	1.43	1.73
0.20	0.80	1.48
0.21	-0.58	0.74
-0.20	-1.61	-0.22
-0.47	-2.41	-0.75
-0.29	-1.47	-0.89
-0.27	-0.19	-0.17
-0.09	0.63	0.71
0.05	0.89	0.68
-0.09	0.74	0.78
-0.05	1.20	1.54
0.10	1.74	2.26
0.22	2.11	2.56
0.47	2.65	2.57
0.51	2.18	2.50
0.46	1.30	2.13
0.45	0.48	1.43
0.31	-0.92	0.27
-0.23	-2.50	-0.76
-0.49	-2.91	-1.16
-0.25	-1.31	-0.91
-0.20	0.06	-0.55
0.00	0.69	0.34
-0.01	0.51	0.00
-0.16	0.42	0.47
-0.10	1.39	1.53
0.16	1.88	2.54
0.35	2.58	2.61
0.35	2.09	2.28
0.28	1.47	1.99
0.30	1.09	1.73
0.27	-0.30	1.09
-0.18	-1.31	0.08
-0.55	-2.46	-0.45
-0.40	-1.62	-0.86
-0.31	-0.04	-0.25
-0.21	0.70	0.62
-0.12	0.69	0.61
-0.18	0.40	0.56
-0.09	0.94	1.19
0.05	1.68	1.98
0.22	1.97	2.29
0.34	2.27	2.07
0.26	1.72	1.86
0.24	1.19	1.64
0.28	-0.06	0.99
-0.17	-0.87	0.02
-0.50	-2.30	-0.42
-0.41	-1.98	-0.94
-0.32	-0.69	-0.62
-0.21	0.25	0.48
-0.01	0.71	0.36
-0.04	0.65	0.33
-0.11	0.93	1.08
-0.01	1.68	2.02
0.19	1.96	2.56
0.32	2.52	2.42
0.33	2.15	2.28
0.29	1.56	2.09
0.33	0.93	1.64
0.28	-0.76	0.70
-0.13	-2.21	-0.75
-0.50	-2.96	-1.48
-0.33	-1.58	-0.94
-0.25	-0.04	-0.38
-0.03	0.95	0.75
0.09	0.87	0.47
-0.12	0.54	0.37
-0.11	1.13	1.34
0.09	1.94	2.35
0.32	2.25	2.43
0.36	1.87	1.83
0.43	0.92	1.23
0.29	-0.86	0.42
-0.25	-2.22	-0.47
-0.46	-2.74	-0.58
-0.51	-1.03	-0.12
-0.28	0.89	1.32
-0.06	1.18	1.20
-0.17	0.18	0.60
-0.39	0.35	0.90
-0.19	1.44	1.94
0.07	1.84	2.43
0.29	2.16	2.39
0.50	1.87	2.29
0.51	1.16	1.84
0.65	0.62	1.12
0.63	-0.96	0.01
-0.09	-2.22	-0.67
-0.27	-2.81	-1.38
-0.08	-1.10	-0.67
-0.24	0.38	0.26
-0.37	0.98	1.50
-0.43	0.35	1.30
-0.31	0.43	1.20
-0.05	1.25	1.55
0.19	1.50	1.57
0.56	1.89	1.43
0.72	2.07	1.23
0.71	1.53	1.07
0.43	0.45	0.97
-0.04	-0.64	0.73
-0.50	-2.36	0.90
-0.24	-1.04	0.72
0.23	1.03	0.68
0.35	1.76	0.84
0.22	1.39	1.14
0.46	1.93	1.44
0.80	2.13	1.25
1.04	1.56	0.74
0.86	1.11	0.54
0.71	0.76	0.45
0.34	-0.52	0.39
********
-0.01	0.35	0.69
-0.05	1.59	1.93
0.47	3.11	2.85
0.72	3.38	3.11
1.06	3.15	2.88
1.27	2.17	2.38
1.23	1.38	1.81
1.11	0.53	1.15
0.35	-0.86	0.26
-0.21	-2.97	-0.20
-0.13	-2.07	-0.79
-0.16	-0.22	-0.81
-0.09	0.27	0.14
0.03	0.35	0.18
0.04	0.46	0.17
0.11	1.38	1.01
0.48	2.19	2.06
0.82	3.14	2.10
0.91	2.38	2.04
0.87	1.30	1.80
0.84	0.56	1.20
0.45	-0.95	0.49
-0.20	-2.45	0.11
-0.07	-2.13	-0.61
0.04	-0.66	-0.77
0.02	-0.02	-0.36
0.19	0.46	-0.03
0.17	0.82	0.46
0.03	1.52	1.29
0.30	2.06	2.40
0.64	3.39	2.57
1.00	3.11	2.45
1.15	2.23	2.07
1.13	1.26	1.77
1.18	-0.02	1.14
0.32	-1.06	0.25
-0.28	-3.08	-0.09
0.06	-2.28	-0.65
0.07	-0.40	-0.88
0.05	0.14	-0.44
0.22	0.17	-0.35
0.18	0.32	-0.14
0.02	0.92	0.80
0.27	2.03	2.00
0.72	3.58	2.53
1.00	3.51	2.46
1.05	2.03	2.05
1.05	0.95	1.52
1.03	-0.09	0.95
0.26	-0.84	0.35
-0.18	-2.51	0.15
-0.10	-1.45	-0.26
-0.14	0.18	0.03
-0.06	0.65	0.54
0.02	0.39	0.23
-0.04	0.23	0.25
0.05	1.41	1.01
0.38	2.27	2.02
0.78	3.28	2.05
0.91	2.49	1.81
0.94	1.50	1.60
1.00	0.77	1.32
0.72	-0.84	0.82
0.02	-2.25	0.19
-0.17	-2.71	-0.28
-0.04	-0.92	-0.50
-0.05	0.09	0.05
0.18	0.56	0.20
0.32	0.64	-0.17
0.07	0.47	0.30
0.05	1.64	1.41
0.31	2.56	2.35
0.59	3.41	2.37
0.83	2.51	2.08
0.88	1.18	1.61
0.96	0.15	1.14
0.27	-0.88	0.58
-0.19	-3.04	0.50
-0.10	-2.04	-0.01
-0.01	0.16	0.16
0.06	1.01	0.71
0.22	1.00	0.26
0.27	0.74	-0.16
0.34	1.63	0.24
0.57	2.48	1.20
0.72	3.08	1.71
0.79	2.47	1.88
0.72	1.38	1.88
0.76	0.41	1.62
0.45	-1.03	0.86
-0.34	-3.14	0.63
-0.33	-3.01	0.03
-0.08	-0.59	-0.13
-0.02	0.37	0.47
0.28	0.75	0.19
0.36	0.76	-0.34
0.31	1.45	0.13
0.49	2.13	1.50
0.63	3.25	2.09
0.70	2.99	2.32
0.79	2.11	2.36
0.82	1.12	2.20
0.91	0.19	1.69
0.46	-0.86	0.80
-0.12	-2.80	0.44
-0.10	-2.43	-0.21
0.03	-0.24	-0.38
-0.00	0.54	0.34
0.24	0.77	0.17
0.38	0.71	-0.45
0.37	1.11	-0.10
0.43	1.98	1.02
0.65	2.96	1.63
0.70	2.71	1.88
0.58	1.51	2.06
0.61	0.50	1.84
0.40	-0.94	1.07
-0.19	-2.84	0.61
-0.23	-2.88	0.04
-0.05	-0.19	0.01
0.06	0.95	0.92
0.18	1.03	0.73
0.33	0.57	-0.03
0.39	0.92	-0.10
0.64	2.02	0.59
********
-0.00	-3.55	0.83
-0.31	-1.88	0.69
-0.29	0.01	1.39
-0.20	0.75	1.76
0.12	0.75	0.78
0.36	0.80	-0.21
0.58	1.74	-0.31
0.98	2.88	0.27
1.14	3.20	0.72
1.11	2.67	0.97
1.00	1.79	1.37
0.82	0.95	1.74
0.77	0.10	1.59
0.18	-1.06	0.95
-0.44	-3.35	0.89
-0.46	-2.80	0.61
-0.33	-0.37	0.75
-0.16	0.34	1.27
-0.12	0.33	0.95
-0.00	0.48	0.44
0.25	1.26	0.26
0.69	2.24	0.56
1.00	3.76	0.78
1.14	3.04	1.01
1.02	1.93	1.25
0.90	0.97	1.65
0.90	0.09	1.53
0.31	-0.88	0.87
-0.27	-3.01	0.89
-0.18	-2.55	0.47
-0.14	-0.56	0.45
-0.18	0.06	1.14
-0.07	0.53	1.08
0.23	0.86	0.27
0.32	1.32	-0.24
0.60	2.12	0.51
0.79	3.66	1.32
0.88	3.25	1.73
0.87	2.04	1.83
0.81	0.81	1.99
0.87	-0.11	1.64
0.31	-1.31	0.92
-0.20	-3.27	0.53
-0.01	-2.06	0.02
0.04	-0.16	0.19
-0.09	0.40	0.89
0.14	0.63	0.39
0.18	0.69	-0.27
0.25	1.31	0.04
0.45	1.91	1.07
0.62	3.10	1.43
0.64	2.68	1.71
0.64	1.68	1.84
0.71	0.81	1.67
0.82	-0.53	1.15
0.12	-1.98	0.62
-0.21	-3.39	0.34
-0.00	-1.64	0.06
0.02	0.07	0.67
0.29	1.02	0.65
0.65	1.40	-0.43
0.76	1.27	-0.91
0.85	1.93	-0.47
1.00	2.68	0.87
0.95	3.14	1.80
0.89	2.59	2.26
0.71	1.36	2.58
0.72	0.28	2.34
0.39	-0.78	1.59
-0.08	-2.87	1.20
-0.17	-2.72	0.76
-0.06	-0.62	0.87
-0.02	0.26	1.47
0.04	0.68	1.27
0.12	0.84	0.77
0.27	1.14	0.41
0.62	1.90	0.23
1.02	2.99	0.08
1.20	2.96	0.17
1.21	2.05	0.42
1.02	1.30	0.87
0.89	0.90	1.35
0.88	-0.02	1.31
0.37	-0.96	0.86
-0.13	-2.59	0.75
-0.12	-2.17	0.57
-0.15	-0.82	0.80
-0.16	-0.06	1.26
0.01	0.68	1.04
0.11	1.09	0.47
0.34	1.63	0.26
0.68	2.26	0.50
0.86	2.96	0.86
0.94	2.50	1.19
0.99	1.88	1.35
0.99	1.20	1.42
0.97	0.37	1.30
0.69	-0.77	0.73
-0.09	-2.75	0.68
-0.17	-2.94	0.54
-0.06	-1.09	0.54
-0.14	-0.29	1.18
-0.10	0.29	1.21
0.17	0.83	0.66
0.21	1.14	0.33
0.51	2.06	0.42
1.04	3.29	0.44
1.18	3.53	0.63
1.27	3.05	1.00
1.23	2.03	1.44
1.14	1.04	1.71
1.11	-0.11	1.45
0.46	-1.42	0.96
-0.19	-3.67	0.81
-0.13	-3.10	0.35
-0.12	-1.13	0.35
-0.14	-0.47	1.09
-0.16	-0.16	1.19
-0.15	0.33	1.05
-0.12	0.88	1.09
0.25	2.09	1.10
0.90	3.80	0.75
1.13	4.00	0.75
1.44	3.95	1.12
1.61	2.60	1.30
********
-0.17	-3.53	-0.21
-0.15	-1.86	-0.52
-0.07	-0.74	0.30
-0.07	0.03	0.82
-0.22	0.62	0.87
0.01	1.53	1.01
0.60	3.05	1.15
0.92	4.00	1.25
1.15	4.00	1.67
1.34	3.23	1.89
1.41	1.74	1.91
1.31	0.38	1.61
0.98	-0.76	0.87
0.18	-3.02	0.41
-0.11	-3.84	-0.15
0.15	-2.18	-0.69
0.02	-0.93	-0.25
0.07	0.01	0.36
-0.02	0.54	0.42
-0.21	1.04	0.76
0.12	2.07	1.39
0.58	4.00	1.41
0.76	4.00	1.62
1.16	4.00	1.83
1.35	2.44	1.98
1.36	0.77	1.93
1.34	-0.79	1.19
0.50	-3.02	0.35
-0.05	-4.00	-0.39
0.26	-2.43	-0.99
0.09	-0.79	-0.73
-0.01	-0.39	0.40
0.05	-0.09	0.46
-0.02	0.41	0.41
-0.09	1.01	0.91
0.27	2.14	1.65
0.72	4.00	1.55
0.92	4.00	1.78
1.42	4.00	2.13
1.61	2.14	2.14
1.56	0.18	1.67
1.13	-1.52	0.75
0.13	-4.00	0.08
-0.01	-4.00	-0.62
0.17	-2.09	-0.92
-0.02	-0.34	-0.10
-0.10	0.03	0.83
-0.12	0.12	0.64
-0.28	0.66	0.66
-0.15	1.83	1.35
0.47	3.83	1.75
0.91	4.00	1.51
1.43	4.00	1.57
1.81	3.63	1.83
1.81	1.38	1.77
1.66	0.01	1.16
0.84	-1.56	0.75
0.07	-3.97	0.45
-0.05	-4.00	-0.34
-0.01	-1.92	-0.80
-0.12	-0.62	-0.03
-0.22	0.12	0.62
-0.15	0.67	0.46
-0.24	1.29	0.50
0.06	2.23	1.08
0.68	4.00	0.98
1.12	4.00	1.02
1.50	4.00	1.56
1.55	2.11	1.98
1.46	0.42	1.79
0.86	-0.91	1.06
0.04	-3.18	0.93
-0.17	-3.75	0.33
0.07	-1.73	-0.53
-0.15	-0.57	-0.28
-0.16	-0.14	0.34
-0.16	0.38	0.23
-0.19	0.91	0.30
0.00	2.09	0.74
0.56	3.86	0.77
0.86	4.00	0.78
1.08	3.98	1.20
1.23	2.57	1.58
1.12	0.97	1.61
0.99	0.10	1.19
0.43	-0.85	0.73
-0.10	-2.93	0.68
-0.08	-3.25	-0.01
-0.11	-1.49	-0.40
-0.03	-0.18	0.19
0.06	0.32	0.51
-0.09	0.74	0.40
-0.21	1.27	0.81
0.13	2.08	1.27
0.66	4.00	0.78
0.80	4.00	0.87
1.05	3.82	1.21
1.17	2.70	1.48
1.14	1.05	1.44
0.83	-0.84	1.05
0.01	-3.09	0.81
-0.35	-3.98	0.26
0.04	-1.66	-0.53
-0.11	-0.07	-0.28
-0.11	0.43	0.50
-0.29	0.43	0.55
-0.43	1.02	0.94
-0.19	2.16	1.34
0.49	3.97	0.90
0.73	3.91	0.71
0.81	2.96	0.92
0.83	1.96	1.21
0.80	0.83	1.13
0.51	-0.91	0.80
-0.35	-2.96	0.92
-0.41	-3.53	0.59
-0.18	-1.22	-0.04
-0.28	0.08	0.43
-0.06	0.62	0.66
0.07	0.72	0.37
-0.02	1.11	0.68
0.34	2.16	1.08
0.94	4.00	0.45
1.08	4.00	0.46
1.09	3.45	0.94
********
-0.31	-1.46	-0.06
-0.29	0.10	0.28
-0.11	0.43	0.35
0.10	0.16	-0.21
0.07	0.47	0.03
0.21	1.74	0.75
0.75	3.25	0.99
1.11	4.00	0.69
1.15	4.00	0.94
1.12	3.07	1.44
1.06	1.98	1.71
0.90	0.69	1.53
0.43	-0.85	1.18
-0.26	-3.37	1.07
-0.37	-3.84	0.11
-0.20	-1.87	-0.66
-0.28	-0.55	-0.06
-0.16	0.08	0.43
-0.11	0.36	0.40
-0.23	0.81	0.88
-0.01	2.11	1.39
0.70	3.99	1.13
1.05	4.00	0.87
1.21	4.00	1.12
1.32	3.48	1.45
1.30	1.95	1.52
1.03	-0.34	1.50
0.15	-2.36	1.35
-0.41	-4.00	0.91
-0.44	-3.51	-0.12
-0.54	-1.58	-0.52
-0.53	-0.70	-0.12
-0.44	-0.18	-0.02
-0.40	0.38	0.10
-0.16	1.42	0.54
0.43	2.88	0.76
0.89	4.00	0.66
1.04	3.94	0.97
1.30	3.96	1.27
1.33	2.87	1.71
1.09	1.25	1.82
0.35	-0.53	1.81
-0.36	-2.77	1.89
-0.55	-2.67	0.89
-0.43	-0.86	-0.08
-0.54	-0.23	-0.28
-0.42	-0.42	-0.32
-0.30	-0.35	-0.46
-0.29	0.30	-0.01
-0.09	1.64	0.59
0.50	3.34	0.69
0.72	3.83	0.72
0.80	3.23	1.27
0.87	2.83	1.74
0.78	1.88	1.91
0.53	0.29	1.70
-0.05	-0.81	1.32
-0.50	-3.03	1.20
-0.55	-3.16	0.30
-0.53	-1.42	-0.39
-0.44	-0.32	-0.43
-0.20	-0.07	-0.25
0.00	-0.28	-0.14
-0.04	0.12	0.31
0.07	1.21	0.96
0.64	2.96	1.28
1.05	4.00	1.03
1.09	3.76	1.35
1.22	3.47	1.82
1.21	2.69	1.70
1.11	1.77	1.46
0.92	0.90	1.40
0.47	-0.58	1.27
-0.26	-2.02	1.19
-0.64	-2.87	0.96
-0.66	-1.94	0.28
-0.60	-1.01	-0.06
-0.59	-0.81	-0.05
-0.39	-0.55	-0.02
-0.15	-0.11	0.14
0.04	0.30	0.39
0.25	0.73	0.63
0.48	1.50	0.87
0.69	1.97	1.20
0.69	2.45	1.26
0.64	2.28	1.33
0.61	2.26	1.44
0.54	1.91	1.34
0.45	1.32	1.12
0.25	0.71	0.97
0.03	0.31	0.90
-0.12	-0.08	0.82
-0.27	-0.45	0.65
-0.41	-0.75	0.56
-0.37	-0.41	0.45
-0.33	0.09	0.63
-0.20	0.83	0.84
-0.03	1.87	0.99
0.42	3.13	1.08
0.67	3.39	0.93
0.64	1.96	0.87
0.50	-0.80	1.00
-0.27	-2.86	0.79
-0.65	-4.00	0.39
-0.40	-2.27	-0.47
-0.42	0.05	-0.33
0.04	0.61	0.29
0.29	0.09	0.23
0.35	0.94	0.54
0.79	2.58	1.34
1.40	4.00	1.01
1.56	4.00	1.17
1.50	4.00	1.44
1.37	3.46	1.96
1.21	2.36	2.20
0.79	-0.94	2.07
-0.20	-3.60	1.58
-0.78	-4.00	0.62
-0.59	-3.12	-0.60
-0.65	-0.79	-1.20
-0.38	-0.46	-0.76
-0.25	-0.55	0.02
-0.12	0.80	0.51
0.39	2.12	0.98
1.00	4.00	0.83
********
-0.07	-3.69	0.90
-0.56	-4.00	0.29
-0.36	-3.37	-0.64
-0.31	-0.76	-0.86
0.06	0.19	-0.33
0.11	0.08	0.16
-0.10	0.86	0.91
0.32	2.39	1.73
1.12	4.00	1.10
1.47	4.00	1.17
1.54	4.00	1.83
1.50	3.47	2.09
1.43	1.70	2.12
0.93	-1.12	1.79
-0.10	-3.97	1.42
-0.66	-4.00	0.37
-0.39	-3.75	-0.82
-0.24	-0.78	-1.41
0.03	0.22	-1.20
0.00	-0.10	-0.80
-0.36	-0.15	0.45
-0.10	2.17	1.05
0.74	4.00	1.31
1.12	4.00	1.02
1.15	3.95	1.34
1.19	2.56	1.94
1.03	1.58	2.10
0.84	1.07	1.50
0.57	0.34	1.30
0.03	-0.31	1.14
-0.35	-1.62	1.09
-0.37	-1.45	0.45
-0.23	-0.67	-0.27
-0.30	-0.63	-0.43
-0.36	-0.73	-0.20
-0.31	-0.32	-0.07
-0.26	0.10	0.27
-0.18	0.45	0.64
-0.03	0.82	0.83
0.00	0.97	1.08
0.01	0.98	1.32
0.11	1.17	1.24
0.22	1.25	1.03
0.21	1.20	0.99
0.17	1.13	1.06
0.18	1.17	1.05
0.19	1.15	0.84
0.19	1.03	0.72
0.13	0.84	0.68
0.10	0.63	0.66
0.06	0.54	0.59
0.04	0.51	0.54
-0.01	0.41	0.59
-0.06	0.37	0.68
-0.04	0.47	0.75
-0.03	0.53	0.81
-0.04	0.61	0.85
-0.01	0.79	0.86
-0.00	0.90	0.82
0.01	0.93	0.78
0.03	0.85	0.73
0.01	0.68	0.69
-0.01	0.56	0.67
-0.02	0.49	0.68
-0.03	0.46	0.69
-0.02	0.42	0.70
-0.01	0.39	0.69
0.00	0.52	0.69
0.00	0.63	0.76
0.01	0.73	0.80
0.04	0.81	0.82
0.04	0.79	0.87
0.03	0.79	0.90
0.03	0.84	0.90
0.04	0.85	0.90
0.04	0.82	0.88
0.03	0.85	0.85
0.01	0.88	0.83
-0.02	0.85	0.77
-0.05	0.74	0.74
-0.06	0.69	0.68
-0.11	0.61	0.60
-0.26	0.51	0.79
-0.36	0.51	1.02
-0.36	0.39	1.07
-0.34	0.16	1.06
-0.29	-0.01	0.96
-0.18	0.02	0.84
-0.08	0.22	0.80
0.01	0.43	0.81
0.16	0.88	0.61
0.31	1.33	0.32
0.40	1.51	0.26
0.40	1.63	0.40
0.40	1.55	0.63
0.28	0.84	0.82
-0.07	-0.51	1.00
-0.48	-1.78	1.14
-0.64	-1.98	1.02
-0.68	-0.16	0.95
-0.37	1.55	1.20
0.32	3.06	1.22
0.74	4.00	1.14
1.08	4.00	1.05
1.33	4.00	1.09
1.12	2.54	1.45
0.65	-0.97	1.45
-0.48	-3.08	1.33
-0.94	-4.00	1.14
-0.31	-2.57	-0.72
-0.19	-1.15	-1.20
0.11	-0.94	-1.85
0.12	-0.56	-0.61
-0.08	1.18	0.56
0.49	3.60	1.65
1.03	4.00	1.62
0.80	4.00	2.05
0.64	2.98	2.55
0.55	2.92	2.55
0.58	1.65	2.00
0.15	-1.26	0.87
-0.22	-4.00	0.15
-0.39	-4.00	-1.39
-0.28	-1.48	-1.50
0.34	0.64	-0.92
********
